>> 
>> A= [1 2;
3 4;
5 6]
A =

   1   2
   3   4
   5   6

>> size(A)
ans =

   3   2

>> sz = size(A)
sz =

   3   2

>> size(sz)
ans =

   1   2

>> size(A, 1)
ans =  3
>> size(A, 2)
ans =  2
>> V = [1 2 3 4]
V =

   1   2   3   4

>> length(V)
ans =  4
>> 
>> 
>> length(A)
ans =  3
>> length([1;2;3;4;5])
ans =  5
>> 
>> 
>> pwd
ans = E:\Coursera\Machine Learning\Octave
>> 
>> cd 'E:\'
>> pwd
ans = E:\
>> ls
>> 
>> cd 'E:\Coursera\Machine Learning\Octave'
>> pwd
ans = E:\Coursera\Machine Learning\Octave
>> 
>> cd 'E:\Coursera\Machine Learning\machine-learning-ex1\ex1'
>> pwd
ans = E:\Coursera\Machine Learning\machine-learning-ex1\ex1
>> ls
>> 
>> load ex1data2.txt
>> load ex1data1.txt
>> load('ex1data2.txt')
>> who
Variables in the current scope:

A         I         a         b         ex1data1  sz        w
C         V         ans       c         ex1data2  v

>> ex1data2
ex1data2 =

     2104        3   399900
     1600        3   329900
     2400        3   369000
     1416        2   232000
     3000        4   539900
     1985        4   299900
     1534        3   314900
     1427        3   198999
     1380        3   212000
     1494        3   242500
     1940        4   239999
     2000        3   347000
     1890        3   329999
     4478        5   699900
     1268        3   259900
     2300        4   449900
     1320        2   299900
     1236        3   199900
     2609        4   499998
     3031        4   599000
     1767        3   252900
     1888        2   255000
     1604        3   242900
     1962        4   259900
     3890        3   573900
     1100        3   249900
     1458        3   464500
     2526        3   469000
     2200        3   475000
     2637        3   299900
     1839        2   349900
     1000        1   169900
     2040        4   314900
     3137        3   579900
     1811        4   285900
     1437        3   249900
     1239        3   229900
     2132        4   345000
     4215        4   549000
     2162        4   287000
     1664        2   368500
     2238        3   329900
     2567        4   314000
     1200        3   299000
      852        2   179900
     1852        4   299900
     1203        3   239500

>> size(ex1data2)
ans =

   47    3

>> size(ex1data1)
ans =

   97    2

>> ex1data1
ex1data1 =

    6.11010   17.59200
    5.52770    9.13020
    8.51860   13.66200
    7.00320   11.85400
    5.85980    6.82330
    8.38290   11.88600
    7.47640    4.34830
    8.57810   12.00000
    6.48620    6.59870
    5.05460    3.81660
    5.71070    3.25220
   14.16400   15.50500
    5.73400    3.15510
    8.40840    7.22580
    5.64070    0.71618
    5.37940    3.51290
    6.36540    5.30480
    5.13010    0.56077
    6.42960    3.65180
    7.07080    5.38930
    6.18910    3.13860
   20.27000   21.76700
    5.49010    4.26300
    6.32610    5.18750
    5.56490    3.08250
   18.94500   22.63800
   12.82800   13.50100
   10.95700    7.04670
   13.17600   14.69200
   22.20300   24.14700
    5.25240   -1.22000
    6.58940    5.99660
    9.24820   12.13400
    5.89180    1.84950
    8.21110    6.54260
    7.93340    4.56230
    8.09590    4.11640
    5.60630    3.39280
   12.83600   10.11700
    6.35340    5.49740
    5.40690    0.55657
    6.88250    3.91150
   11.70800    5.38540
    5.77370    2.44060
    7.82470    6.73180
    7.09310    1.04630
    5.07020    5.13370
    5.80140    1.84400
   11.70000    8.00430
    5.54160    1.01790
    7.54020    6.75040
    5.30770    1.83960
    7.42390    4.28850
    7.60310    4.99810
    6.33280    1.42330
    6.35890   -1.42110
    6.27420    2.47560
    5.63970    4.60420
    9.31020    3.96240
    9.45360    5.41410
    8.82540    5.16940
    5.17930   -0.74279
   21.27900   17.92900
   14.90800   12.05400
   18.95900   17.05400
    7.21820    4.88520
    8.29510    5.74420
   10.23600    7.77540
    5.49940    1.01730
   20.34100   20.99200
   10.13600    6.67990
    7.33450    4.02590
    6.00620    1.27840
    7.22590    3.34110
    5.02690   -2.68070
    6.54790    0.29678
    7.53860    3.88450
    5.03650    5.70140
   10.27400    6.75260
    5.10770    2.05760
    5.72920    0.47953
    5.18840    0.20421
    6.35570    0.67861
    9.76870    7.54350
    6.51590    5.34360
    8.51720    4.24150
    9.18020    6.79810
    6.00200    0.92695
    5.52040    0.15200
    5.05940    2.82140
    5.70770    1.84510
    7.63660    4.29590
    5.87070    7.20290
    5.30540    1.98690
    8.29340    0.14454
   13.39400    9.05510
    5.43690    0.61705

>> who
Variables in the current scope:

A         I         a         b         ex1data1  sz        w
C         V         ans       c         ex1data2  v

>> whos
Variables in the current scope:

   Attr Name          Size                     Bytes  Class
   ==== ====          ====                     =====  ===== 
        A             3x2                         48  double
        C             2x3                         48  double
        I             6x6                         48  double
        V             1x4                         32  double
        a             1x1                          8  double
        ans           1x2                         16  double
        b             1x2                          2  char
        c             1x1                          1  logical
        ex1data1     97x2                       1552  double
        ex1data2     47x3                       1128  double
        sz            1x2                         16  double
        v             1x6                         24  double
        w             1x10000                  80000  double

Total is 10401 elements using 82923 bytes

>> clear ex1data2
>> whos
Variables in the current scope:

   Attr Name          Size                     Bytes  Class
   ==== ====          ====                     =====  ===== 
        A             3x2                         48  double
        C             2x3                         48  double
        I             6x6                         48  double
        V             1x4                         32  double
        a             1x1                          8  double
        ans           1x2                         16  double
        b             1x2                          2  char
        c             1x1                          1  logical
        ex1data1     97x2                       1552  double
        sz            1x2                         16  double
        v             1x6                         24  double
        w             1x10000                  80000  double

Total is 10260 elements using 81795 bytes

>> V = ex1data1(1:10)
V =

 Columns 1 through 9:

   6.1101   5.5277   8.5186   7.0032   5.8598   8.3829   7.4764   8.5781   6.4862

